1001,20150307,6.9138007929967635
1001,20150308,5.3349366359028005
1001,20150309,13.273117915083885
1001,20150310,5.548897286389508
1001,20150311,11.133577785687061
1001,20150312,5.588388150324516
1001,20150313,6.704283474333229
1001,20150314,11.17674463217613
1001,20150315,10.059289822638906
1001,20150316,6.706198612033932
1001,20150317,12.294698656337166
1001,20150318,22.353997684348215
1001,20150319,5.5884994215545
1001,20150320,3.353099652936705
1001,20150321,1.1176998843123371
1001,20150322,4.4707995372493485
1001,20150323,2.2353997686246743
1001,20150324,6.706199305874023
1001,20150325,24.589397454871417
1001,20150326,7.82389919018636
1001,20150327,3.3530996529370114
1001,20150328,3.3530996529370114
1001,20150329,5.588499421561686
1001,20150330,6.706199305874023
1002,20150311,1.1103532536374592
1002,20150325,1.1176998843123371
1002,20150330,1.1176998843123371
1004,20150307,0.4833465750595567
1004,20150308,1.0825996898385843
1004,20150309,2.031674092429416
1004,20150310,1.117699871917667
1004,20150311,5.576826896289202
1004,20150312,1.1176996847971312
1004,20150313,2.2346375418390867
1004,20150314,3.3529662160059397
1004,20150315,3.3530912999808473
1004,20150316,1.117699881113787
1004,20150318,1.1176998832934837
1004,20150321,1.1176998843123371
1004,20150322,4.4707995372493485
1004,20150324,1.1176998843123371
1004,20150326,3.3530996529370114
1004,20150327,1.1176998843123371
1004,20150328,1.1176998843123371
1004,20150329,1.1176998843123371
1004,20150330,2.2353997686246743
1005,20150313,1.1176998593999743
1005,20150318,2.235399768599339
1005,20150325,1.1176998843123371
1006,20150314,1.1176865790184718
1099,20150312,1.1177136503025742
1099,20150330,1.1176998843123371
1101,20150307,1.1176998779633192
1101,20150309,0.911997323802751
1101,20150311,1.1194240626803984
1101,20150314,2.235398148889822
1101,20150316,1.1176998841882422
1101,20150317,1.1176998839022918
1101,20150318,2.235399768748794
1101,20150322,1.1176998843123371
1101,20150323,1.1176998843123371
1101,20150324,3.3530996529370114
1101,20150325,1.1176998843123371
1101,20150328,1.1176998843123371
1101,20150330,1.1176998843123371
1102,20150310,1.117520918093757
1102,20150311,2.2034823553477483
1102,20150314,1.117698751071993
1102,20150318,2.235399768620091
1102,20150319,2.2353997686185854
1102,20150321,3.353099652937008
1102,20150324,3.3530996529370114
1102,20150325,1.1176998843123371
1102,20150326,2.2353997686246743
1102,20150328,1.1176998843123371
1103,20150314,1.1176989531457309
1103,20150317,1.1176998697902794
1104,20150309,1.1156788672448923
1201,20150306,19.50056146898804
1201,20150307,38.848309989925085
1201,20150308,74.8668217456206
1201,20150309,94.39625550929303
1201,20150310,84.44031224907594
1201,20150311,110.20932044364557
1201,20150312,99.38380276863813
1201,20150313,106.15907437491052
1201,20150314,165.41568976324095
1201,20150315,76.00348400236201
1201,20150316,93.88677894090524
1201,20150317,95.00448960477955
1201,20150318,138.5947856299401
1201,20150319,96.12219005047734
1201,20150320,48.06109502542377
1201,20150321,65.94429317442746
1201,20150322,81.59209155480065
1201,20150323,117.35848785279572
1201,20150324,73.7681923646143
1201,20150325,124.06468715866978
1201,20150326,76.00359213323898
1201,20150327,60.355793752866205
1201,20150328,80.47439167048836
1201,20150329,44.707995372493485
1201,20150330,110.65228854692165
1202,20150307,1.8924262621933863
1202,20150308,8.06215532198474
1202,20150309,16.223856598835418
1202,20150310,4.381530409641793
1202,20150311,12.241582003534566
1202,20150312,7.817796084372248
1202,20150313,3.3525934196235365
1202,20150314,15.647361594425904
1202,20150315,7.823876820512355
1202,20150316,13.412396015358414
1202,20150317,5.5884993657120905
1202,20150318,10.059298959258998
1202,20150319,2.2353997686073086
1202,20150320,6.706199305873543
1202,20150321,2.235399768624669
1202,20150322,4.4707995372493485
1202,20150323,10.059298958811034
1202,20150324,4.4707995372493485
1202,20150325,15.64779838037272
1202,20150326,10.059298958811034
1202,20150327,2.2353997686246743
1202,20150328,11.176998843123371
1202,20150329,4.4707995372493485
1202,20150330,7.82389919018636
1203,20150306,4.271641241787431
1203,20150307,19.302791648771038
1203,20150308,27.2199352125237
1203,20150309,27.100736920121392
1203,20150310,26.045081673122628
1203,20150311,60.08382668627435
1203,20150312,32.383131937566496
1203,20150313,29.055451919207357
1203,20150314,38.00094843571199
1203,20150315,39.11943049342995
1203,20150316,36.8840942262013
1203,20150317,42.47259536269411
1203,20150318,93.88679026568035
1203,20150319,29.060196992027166
1203,20150320,23.471697570557794
1203,20150321,29.060196992120716
1203,20150322,19.00089803330973
1203,20150323,57.002694099929194
1203,20150324,34.64869641368245
1203,20150325,55.88499421561686
1203,20150326,17.883198148997394
1203,20150327,23.47169757055908
1203,20150328,25.707097339183754
1203,20150329,19.00089803330973
1203,20150330,38.00179606661946
1205,20150308,0.7319638445873352
1205,20150309,6.8400821569797206
1205,20150310,2.234480461899415
1205,20150311,2.2323003473672807
1205,20150314,1.1176966817736431
1205,20150315,1.1176971326615943
1205,20150316,2.235399660745818
1205,20150318,5.588499420709649
1205,20150319,3.353099652916363
1205,20150320,3.3530996529369337
1205,20150322,1.1176998843123371
1205,20150323,1.1176998843123371
1205,20150325,1.1176998843123371
1205,20150326,1.1176998843123371
1205,20150330,2.2353997686246743
1301,20150307,1.12510850248049
1301,20150308,1.1160936939419397
1301,20150309,2.158045355064952
1301,20150310,1.068719140971376
1301,20150311,1.1176031586241697
1301,20150312,4.463431000453027
1301,20150313,4.470597863839748
1301,20150314,1.1176441903475849
1301,20150315,1.1176921811269234
1301,20150317,6.7061992732317695
1301,20150318,1.1176998843010344
1301,20150319,3.3530996529152937
1301,20150321,1.1176998843123371
1301,20150322,1.1176998843123371
1301,20150323,2.2353997686246743
1301,20150324,2.2353997686246743
1301,20150325,1.1176998843123371
1301,20150326,2.2353997686246743
1301,20150328,3.3530996529370114
1301,20150330,5.588499421561686
1302,20150309,0.9335317604205132
1302,20150313,1.11748056283633
1302,20150318,1.1176998838240997
1302,20150319,1.1176998842975787
1302,20150320,3.3530996529361463
1302,20150322,1.1176998843123374
1302,20150324,1.1176998843123371
1302,20150326,1.1176998843123371
1302,20150327,2.2353997686246743
1306,20150310,1.072520994238423
1306,20150312,1.1176328525503492
1306,20150317,1.117699872955155
1306,20150328,1.1176998843123371
1306,20150330,2.2353997686246743
1308,20150306,2.2265145533224038
1308,20150307,3.8644689015249365
1308,20150308,6.103881696973147
1308,20150309,3.2494539860950873
1308,20150310,7.670039781695136
1308,20150311,5.541032024713395
1308,20150312,7.805204128663989
1308,20150313,6.7050152695383085
1308,20150314,6.706079386693393
1308,20150315,6.706180173707557
1308,20150316,4.470799387950514
1308,20150317,5.588499405967569
1308,20150318,15.64779837730495
1308,20150319,3.353099652918222
1308,20150320,7.823899190184514
1308,20150321,7.82389919018635
1308,20150322,3.3530996529370114
1308,20150323,3.3530996529370114
1308,20150324,5.588499421561686
1308,20150325,4.4707995372493485
1308,20150326,1.1176998843123371
1308,20150327,2.2353997686246743
1308,20150328,3.3530996529370114
1308,20150329,2.2353997686246743
1308,20150330,10.059298958811034
1402,20150312,1.1143925297091908
1402,20150325,1.1176998843123371
1501,20150308,6.257267226968862
1501,20150309,3.3470378897926008
1501,20150310,4.6832962505611135
1501,20150311,3.3529645358517897
1501,20150312,5.590014336927862
1501,20150313,5.588478007100635
1501,20150314,5.588358568449302
1501,20150315,2.235390225660204
1501,20150316,1.1176997271801494
1501,20150317,1.1176998623911163
1501,20150318,3.353099651613656
1501,20150319,4.470799537221453
1501,20150320,2.23539976862483
1501,20150321,2.2353997686246743
1501,20150322,3.3530996529370114
1501,20150323,3.3530996529370114
1501,20150324,4.4707995372493485
1501,20150325,3.3530996529370114
1501,20150326,4.4707995372493485
1501,20150327,2.2353997686246743
1501,20150328,1.1176998843123371
1501,20150329,2.2353997686246743
1501,20150330,3.3530996529370114
1502,20150318,1.117699884228276
1503,20150310,1.0650822216068283
1503,20150311,3.3527214825882945
1503,20150318,1.1176998830183544
1503,20150327,1.1176998843123371
1504,20150308,1.0511783665801162
1504,20150311,1.104883351208924
1504,20150318,1.1176998843007595
1504,20150321,1.117699884312337
1504,20150327,1.1176998843123371
1505,20150306,2.9818356101277392
1505,20150307,6.042140136608897
1505,20150308,6.244383174555158
1505,20150309,6.398795741468623
1505,20150310,7.707241932274877
1505,20150311,10.02333808033975
1505,20150312,14.499144305214193
1505,20150313,7.824063807554178
1505,20150314,16.76505178107938
1505,20150315,8.941583557523282
1505,20150316,5.588499223456928
1505,20150317,13.412398572775176
1505,20150318,6.706199304479963
1505,20150319,6.7061993058371625
1505,20150320,6.706199305873277
1505,20150321,13.412398611748038
1505,20150322,8.941599074498697
1505,20150323,13.412398611748046
1505,20150324,4.4707995372493485
1505,20150325,12.294698727435708
1505,20150326,11.176998843123371
1505,20150327,6.706199305874023
1505,20150328,19.00089803330973
1505,20150329,14.530098496060383
1505,20150330,13.412398611748046
1508,20150309,3.0536749985783276
1508,20150310,1.1167322176635293
1508,20150312,1.1149200211127976
1508,20150314,1.1176490615165902
1508,20150315,1.1176934256083626
1508,20150316,1.11769982571653
1508,20150319,1.1176998843117645
1508,20150320,3.3530996529363
1508,20150325,2.2353997686246743
1508,20150328,2.2353997686246743
1508,20150329,1.1176998843123371
1509,20150311,1.1073093206677933
1509,20150312,1.1176478719144949
1509,20150322,1.117699884312337
1509,20150325,2.2353997686246743
1510,20150307,1.1075047914329241
1510,20150308,1.1139874335715123
1510,20150310,1.1165465400700834
1510,20150311,1.1341157914441429
1510,20150312,2.2314248498949714
1510,20150314,3.353027444552919
1510,20150316,1.117699882706494
1510,20150318,2.2353997675111286
1510,20150322,1.1176998843123371
1510,20150323,2.2353997686246743
1510,20150326,1.1176998843123371
1510,20150328,2.2353997686246743
1510,20150329,1.1176998843123371
1510,20150330,2.2353997686246743
1511,20150315,1.1176993642819069
1511,20150328,1.1176998843123371
1512,20150306,1.1173897876595418
1512,20150318,1.1176998843127
1512,20150321,1.1176998843123371
1512,20150322,1.1176998843123371
1513,20150309,3.2867455567047057
1513,20150310,1.0549828286770149
1513,20150312,1.1177792674647369
1513,20150316,1.1176998842942545
1513,20150321,2.2353997686246743
1513,20150325,1.1176998843123371
1513,20150328,1.1176998843123371
1513,20150330,1.1176998843123371
1514,20150327,1.1176998843123371
1515,20150307,1.0978101830824811
1515,20150310,1.0707792730283892
1515,20150312,2.2323280561551098
1515,20150314,1.1176983103074392
1515,20150317,2.2353997685490743
1515,20150320,2.23539976862467
1515,20150325,1.1176998843123371
1515,20150328,1.1176998843123371
1515,20150330,1.1176998843123371
1517,20150306,0.7711071448604127
1517,20150307,6.921920692637445
1517,20150308,3.5476348836659257
1517,20150309,3.208331776846688
1517,20150310,2.2284738227375893
1517,20150311,7.768409440994232
1517,20150312,2.231662858619344
1517,20150313,1.1176878387859628
1517,20150314,5.5883430395150535
1517,20150315,2.235390803772505
1517,20150316,1.1176998801422413
1517,20150317,1.117699884468771
1517,20150318,3.353099652356234
1517,20150319,3.353099652887302
1517,20150320,2.2353997686260576
1517,20150321,1.1176998843123371
1517,20150322,1.1176998843123371
1517,20150324,4.4707995372493485
1517,20150325,3.3530996529370114
1517,20150326,5.588499421561686
1517,20150328,5.588499421561686
1517,20150329,5.588499421561686
1517,20150330,4.4707995372493485
1518,20150306,1.1176998843123371
1518,20150307,7.9766502091402645
1518,20150308,9.482217908274688
1518,20150309,8.426228268449453
1518,20150310,3.3337608873490443
1518,20150311,8.909973473146687
1518,20150312,7.81885210248831
1518,20150313,3.3530126818470896
1518,20150314,10.059012223677223
1518,20150315,2.235408163605662
1518,20150316,8.941598409198727
1518,20150317,7.82389915016822
1518,20150318,13.41239860885549
1518,20150319,6.706199305825896
1518,20150320,10.059298958810029
1518,20150321,10.05929895881103
1518,20150322,8.941599074498697
1518,20150323,11.176998843123371
1518,20150324,12.294698727435708
1518,20150325,16.765498264685057
1518,20150326,6.706199305874023
1518,20150327,2.2353997686246743
1518,20150328,7.82389919018636
1518,20150329,14.530098496060383
1518,20150330,8.941599074498697
1519,20150309,1.10161849475629
1519,20150313,4.470262704621277
1519,20150314,1.1176996397122516
1519,20150318,2.2353997683751627
1519,20150319,1.1176998843108874
1519,20150320,2.235399768623754
1519,20150321,1.1176998843123331
1519,20150323,1.1176998843123371
1519,20150324,2.2353997686246743
1519,20150325,4.4707995372493485
1519,20150326,2.2353997686246743
1519,20150327,1.1176998843123371
1519,20150329,3.3530996529370114
1519,20150330,1.1176998843123371
1521,20150307,3.849336152729773
1521,20150308,7.093371410223974
1521,20150309,19.184317282131076
1521,20150310,7.649278486277179
1521,20150311,8.911043289153094
1521,20150312,6.694438804292919
1521,20150313,4.469397536856858
1521,20150314,8.941420068481703
1521,20150315,8.94158248485666
1521,20150316,6.706199290425811
1521,20150317,3.353099642273339
1521,20150318,14.530098495535503
1521,20150319,7.823899190090805
1521,20150320,2.23539976862428
1521,20150321,5.58849942156168
1521,20150322,5.588499421561686
1521,20150323,17.883198148997394
1521,20150324,10.059298958811034
1521,20150325,17.883198148997394
1521,20150326,5.588499421561686
1521,20150327,4.4707995372493485
1521,20150328,8.941599074498697
1521,20150329,6.706199305874023
1521,20150330,12.294698727435708
2001,20150306,0.7521834505077933
2001,20150308,2.18909001161439
2001,20150309,3.256212545527625
2001,20150311,15.606599743276249
2001,20150312,1.117672229846544
2001,20150313,5.587644007641733
2001,20150314,4.470717781078551
2001,20150315,10.059292111841422
2001,20150317,2.2353997334839217
2001,20150318,4.470799536437717
2001,20150319,2.235399768606243
2001,20150321,3.3530996529370065
2001,20150322,3.3530996529370114
2001,20150323,1.1176998843123371
2001,20150324,1.1176998843123371
2001,20150325,1.1176998843123371
2001,20150326,1.1176998843123371
2001,20150327,1.1176998843123371
2001,20150328,5.588499421561686
2001,20150330,6.706199305874023
2002,20150306,1.1175933959447255
2002,20150308,1.1129082441953235
2002,20150309,1.9715565512608495
2002,20150310,2.1629755621572153
2002,20150312,2.2325977992435035
2002,20150313,3.3521991305288514
2002,20150314,1.117599568123036
2002,20150315,3.3531003434578976
2002,20150316,2.2353989522507005
2002,20150317,2.2353997587393035
2002,20150318,5.58849942039267
2002,20150319,6.706199305829356
2002,20150320,1.117699884312126
2002,20150321,1.1176998843123371
2002,20150322,2.2353997686246743
2002,20150324,2.2353997686246743
2002,20150325,4.4707995372493485
2002,20150326,4.4707995372493485
2002,20150327,1.1176998843123371
2002,20150328,2.2353997686246743
2002,20150330,2.2353997686246743
2003,20150308,2.248705412648269
2003,20150311,2.235434393593191
2003,20150314,1.1176780956222605
2003,20150316,2.2353999261591
2003,20150321,2.2353997686246743
2003,20150322,1.1176998843123371
2003,20150324,2.2353997686246743
2003,20150326,3.3530996529370114
2003,20150329,7.82389919018636
2004,20150316,1.117699881584431
2005,20150306,1.733127507282609
2005,20150307,3.580212834169785
2005,20150309,3.2529387661353213
2005,20150310,6.4604432222961465
2005,20150311,2.2167599344728703
2005,20150312,1.1154118972995888
2005,20150314,4.470691922115629
2005,20150315,6.706185183718728
2005,20150316,3.3530992458369786
2005,20150317,10.059298886468072
2005,20150318,3.3530996516759193
2005,20150319,4.470799537228187
2005,20150320,1.1176998843123338
2005,20150321,3.3530996529370025
2005,20150322,4.4707995372493485
2005,20150323,5.588499421561686
2005,20150324,1.1176998843123371
2005,20150325,6.706199305874023
2005,20150326,1.1176998843123371
2005,20150327,1.1176998843123371
2005,20150328,2.2353997686246743
2005,20150329,2.2353997686246743
2005,20150330,6.706199305874023
2006,20150306,1.1000447460045344
2006,20150307,2.2511942484087557
2006,20150308,1.09918663548768
2006,20150309,5.247478915923594
2006,20150310,3.3433259973742206
2006,20150311,7.780014586073847
2006,20150312,7.8189202077835604
2006,20150313,5.587632492117441
2006,20150314,1.1176998624300414
2006,20150315,4.470798423986176
2006,20150316,5.588498506286115
2006,20150317,6.706199287415543
2006,20150318,5.588499422021043
2006,20150319,7.8238991901097785
2006,20150320,3.3530996529370114
2006,20150321,2.235399768624672
2006,20150322,1.1176998843123371
2006,20150323,2.2353997686246743
2006,20150324,3.3530996529370114
2006,20150325,10.059298958811034
2006,20150327,3.3530996529370114
2006,20150328,4.4707995372493485
2006,20150330,11.176998843123371
2007,20150306,0.7144904143361814
2007,20150309,1.1176997778495603
2007,20150310,1.075768408503487
2007,20150311,3.352820837978558
2007,20150312,2.23506789491917
2007,20150313,5.587900702170945
2007,20150314,2.2352555654205517
2007,20150315,3.353099651335363
2007,20150316,3.3530992723375457
2007,20150317,3.353099614088465
2007,20150318,2.2353997685880214
2007,20150319,2.235399768593059
2007,20150320,3.3530996529370007
2007,20150321,1.11769988431234
2007,20150322,3.3530996529370114
2007,20150323,3.3530996529370114
2007,20150324,2.2353997686246743
2007,20150325,4.4707995372493485
2007,20150326,1.1176998843123371
2007,20150327,1.1176998843123371
2007,20150328,1.1176998843123371
2007,20150330,3.3530996529370114
2008,20150306,0.648251524218038
2008,20150307,1.1069438349643452
2008,20150308,4.170612089292404
2008,20150309,8.522241753303103
2008,20150310,2.167520162268292
2008,20150311,7.802578005155916
2008,20150312,2.2338092067831807
2008,20150313,2.2348222215023332
2008,20150314,8.941346062348902
2008,20150315,2.235393968751436
2008,20150316,5.588499104843945
2008,20150317,5.588499391071986
2008,20150318,5.588499419604199
2008,20150319,1.117699884311952
2008,20150320,1.1176998843123296
2008,20150321,2.2353997686246743
2008,20150322,2.2353997686246743
2008,20150323,10.059298958811034
2008,20150324,3.3530996529370114
2008,20150325,4.4707995372493485
2008,20150326,4.4707995372493485
2008,20150327,1.1176998843123371
2008,20150328,2.2353997686246743
2008,20150329,2.2353997686246743
2008,20150330,3.3530996529370114
2009,20150307,2.231400377087943
2009,20150308,4.3225765962878535
2009,20150309,3.1395637134809484
2009,20150310,3.331541003196387
2009,20150311,2.234687743363284
2009,20150312,4.463130327198754
2009,20150313,3.3516342394507177
2009,20150314,3.3529748468064757
2009,20150315,2.2353950523646224
2009,20150316,3.3530990197942203
2009,20150317,2.2353997599126942
2009,20150318,2.2353997675061796
2009,20150319,5.588499421543901
2009,20150321,2.23539976862467
2009,20150322,5.588499421561686
2009,20150323,4.4707995372493485
2009,20150324,2.2353997686246743
2009,20150325,6.706199305874023
2009,20150326,4.4707995372493485
2009,20150327,3.3530996529370114
2009,20150328,2.2353997686246743
2009,20150329,2.2353997686246743
2009,20150330,10.059298958811034
2010,20150306,1.117602785565741
2010,20150307,3.3400304925251056
2010,20150308,1.1694371136880988
2010,20150310,1.1165091876846105
2010,20150311,2.2651748726675667
2010,20150314,1.117615546415632
2010,20150317,2.2353997495664713
2010,20150318,1.1176998843123351
2010,20150323,4.4707995372493485
2010,20150325,1.1176998843123371
2010,20150326,2.2353997686246743
2010,20150327,2.2353997686246743
2010,20150328,1.1176998843123371
2011,20150307,8.135102901270129
2011,20150308,13.421521087965733
2011,20150309,5.3577946290384695
2011,20150310,5.437935609826376
2011,20150311,10.034765386693707
2011,20150312,11.171124301341964
2011,20150313,4.470603939079249
2011,20150314,8.941648072842396
2011,20150315,6.706188287885876
2011,20150316,7.8238987515146725
2011,20150317,2.2353997631087292
2011,20150318,8.94159907328245
2011,20150319,12.29469872738783
2011,20150320,7.823899190185653
2011,20150321,10.05929895881103
2011,20150322,12.294698727435708
2011,20150323,8.941599074498697
2011,20150324,3.3530996529370114
2011,20150325,8.941599074498697
2011,20150326,17.883198148997394
2011,20150327,3.3530996529370114
2011,20150328,3.3530996529370114
2011,20150329,6.706199305874023
2011,20150330,12.294698727435708
2012,20150308,2.2294886816543733
2012,20150309,0.9835423175224568
2012,20150310,1.1100992878811091
2012,20150312,3.350254083333148
2012,20150316,1.1176996489455056
2012,20150317,1.1176998843090364
2012,20150319,1.117699884293322
2012,20150320,1.1176998843123318
2012,20150321,1.1176998843123371
2012,20150322,1.1176998843123371
2012,20150323,1.1176998843123371
2012,20150325,2.2353997686246743
2012,20150330,2.2353997686246743
2013,20150306,0.8039005059658186
2013,20150307,3.3353327296093367
2013,20150308,4.724215717144444
2013,20150309,1.1171450323310927
2013,20150310,5.47848138576289
2013,20150311,8.899324863500093
2013,20150312,4.476298031132183
2013,20150313,5.587074529014751
2013,20150314,5.588453856067915
2013,20150315,2.2353958231108444
2013,20150316,3.3530990360503448
2013,20150317,2.2353997686035854
2013,20150318,3.353099652829643
2013,20150319,5.588499421548093
2013,20150320,1.1176998843118515
2013,20150321,3.3530996529370114
2013,20150322,2.2353997686246743
2013,20150323,2.2353997686246743
2013,20150324,6.706199305874023
2013,20150325,3.3530996529370114
2013,20150326,7.82389919018636
2013,20150327,3.3530996529370114
2013,20150329,2.2353997686246743
2013,20150330,3.3530996529370114
2014,20150307,2.221220226134258
2014,20150308,2.050479416765267
2014,20150309,11.53174824398334
2014,20150310,2.23456079228378
2014,20150311,10.025301851182395
2014,20150312,5.579907237047842
2014,20150313,1.116907111477073
2014,20150314,2.2353413886392444
2014,20150315,4.470795570170289
2014,20150316,3.3530996470366925
2014,20150317,5.5884993922729835
2014,20150318,15.647798379014896
2014,20150319,6.706199305810522
2014,20150320,1.1176998843123371
2014,20150321,5.588499421561673
2014,20150323,12.294698727435708
2014,20150324,2.2353997686246743
2014,20150325,3.3530996529370114
2014,20150326,14.530098496060383
2014,20150327,1.1176998843123371
2014,20150328,1.1176998843123371
2014,20150329,12.294698727435708
2014,20150330,6.706199305874023
2015,20150307,0.5658005301820832
2015,20150308,4.039509802182112
2015,20150309,1.1176987500092612
2015,20150310,6.615151723005859
2015,20150311,6.687524411749359
2015,20150312,5.585048901168038
2015,20150314,2.235352646451614
2015,20150315,2.235394967409248
2015,20150316,1.1176998865684529
2015,20150317,1.1176998814305958
2015,20150318,6.706199304142425
2015,20150319,3.3530996529223067
2015,20150320,2.235399768624464
2015,20150321,7.823899190186353
2015,20150324,6.706199305874023
2015,20150326,3.3530996529370114
2015,20150327,3.3530996529370114
2015,20150330,1.1176998843123371
2101,20150307,5.783062270008044
2101,20150309,1.11423903265092
2101,20150311,1.117448728644553
2101,20150319,1.117699884312337
2101,20150326,1.1176998843123371
2101,20150328,1.1176998843123371
2101,20150329,1.1176998843123371
2102,20150324,1.1176998843123371
2103,20150309,2.132557636359823
2103,20150311,2.2477721863955975
2103,20150314,1.1176998843123371
2103,20150317,3.3530996231465977
2103,20150320,1.1176998843123271
2103,20150321,1.117699884312337
2103,20150324,2.2353997686246743
2104,20150307,1.1075660918705486
2104,20150311,2.208876177791857
2104,20150314,3.3526212978892382
2104,20150316,2.235399485369007
2104,20150318,3.3530996529307027
2104,20150319,2.23539976869017
2104,20150326,1.1176998843123371
2104,20150329,1.1176998843123371
2104,20150330,1.1176998843123371
2105,20150312,1.1176998768184856
2105,20150314,2.2353658915658343
2105,20150315,1.1176997485171938
2105,20150316,4.470799251498299
2105,20150317,1.1176998585412523
2105,20150321,5.588499421561686
2105,20150326,2.2353997686246743
2105,20150327,3.3530996529370114
2105,20150328,2.2353997686246743
2106,20150311,1.1176998843123371
2106,20150314,1.1176989904490198
2106,20150315,2.23539819967852
2106,20150316,2.2353993289568583
2106,20150318,1.1176998835760326
2106,20150319,2.2353997686006633
2106,20150321,1.1176998843123371
2106,20150323,2.2353997686246743
2106,20150326,1.1176998843123371
2106,20150330,1.1176998843123371
2107,20150320,1.1176998843123371
2107,20150324,1.1176998843123371
2201,20150307,6.647321522811472
2201,20150308,9.85089228307379
2201,20150309,10.574929618603893
2201,20150310,15.261983514663317
2201,20150311,13.324562740822252
2201,20150312,17.869539220577366
2201,20150313,10.055607785327592
2201,20150314,19.00028425285835
2201,20150315,8.941582004376421
2201,20150316,21.236296353087088
2201,20150317,6.7061992799798515
2201,20150318,20.118597912881725
2201,20150319,7.823899190136137
2201,20150320,13.412398611746342
2201,20150321,17.883198148997376
2201,20150322,20.11859791762207
2201,20150323,7.82389919018636
2201,20150324,14.530098496060383
2201,20150325,7.82389919018636
2201,20150326,22.353997686246743
2201,20150327,17.883198148997394
2201,20150328,23.47169757055908
2201,20150329,8.941599074498697
2201,20150330,20.11859791762207
2202,20150306,3.855633580268953
2202,20150307,9.9197966852921
2202,20150308,12.739579097104915
2202,20150309,10.553501262747464
2202,20150310,7.708528213939453
2202,20150311,23.400573624829597
2202,20150312,13.403566979653355
2202,20150313,12.293434529576981
2202,20150314,20.118322488046243
2202,20150315,11.176992372426557
2202,20150316,14.530097037227078
2202,20150317,11.176998763039649
2202,20150318,23.471697567447105
2202,20150319,7.82389919010758
2202,20150320,6.706199305873553
2202,20150321,15.647798380372702
2202,20150322,12.294698727435708
2202,20150323,14.530098496060383
2202,20150324,10.059298958811034
2202,20150325,21.236297801934406
2202,20150326,17.883198148997394
2202,20150327,5.588499421561686
2202,20150328,13.412398611748046
2202,20150329,15.64779838037272
2202,20150330,22.353997686246743
2203,20150306,1.9721122632562786
2203,20150307,1.1176498645568136
2203,20150308,5.1809192839442515
2203,20150309,4.370160931280299
2203,20150310,8.757690826265588
2203,20150311,14.45830634507532
2203,20150312,7.816803740343712
2203,20150313,4.470224815465665
2203,20150314,14.52980316411109
2203,20150315,6.7061888129837435
2203,20150316,13.412397125354062
2203,20150317,2.235399761079152
2203,20150318,16.765498264653143
2203,20150319,11.176998843092369
2203,20150320,3.3530996529368418
2203,20150321,8.941599074498686
2203,20150322,22.353997686246743
2203,20150323,2.2353997686246743
2203,20150324,2.2353997686246743
2203,20150325,6.706199305874023
2203,20150326,7.82389919018636
2203,20150327,20.11859791762207
2203,20150328,19.00089803330973
2203,20150329,16.765498264685057
2203,20150330,11.176998843123371
2204,20150306,0.24878806350192265
2204,20150307,6.537746820499948
2204,20150308,3.2670144892405375
2204,20150309,4.275115661133576
2204,20150310,7.7988225243627936
2204,20150311,6.7019524649011775
2204,20150312,1.1147065971175425
2204,20150313,6.705209297862643
2204,20150314,3.3530986225892194
2204,20150315,5.588488313648028
2204,20150317,1.117699874451471
2204,20150318,8.941599073149195
2204,20150320,3.353099652936562
2204,20150321,10.059298958811013
2204,20150322,1.1176998843123371
2204,20150323,2.2353997686246743
2204,20150324,8.941599074498697
2204,20150325,14.530098496060383
2204,20150326,4.4707995372493485
2204,20150327,5.588499421561686
2204,20150328,4.4707995372493485
2204,20150329,2.2353997686246743
2204,20150330,7.82389919018636
2205,20150306,1.1002855216012757
2205,20150307,6.487984068148834
2205,20150308,12.779947303951376
2205,20150309,7.749529584573046
2205,20150310,2.237487756605762
2205,20150311,6.706490009665621
2205,20150312,7.814676641598729
2205,20150313,26.821463071876238
2205,20150314,8.941403864135061
2205,20150315,16.765466936067238
2205,20150316,8.941598729347213
2205,20150317,6.70619925671503
2205,20150318,14.530098495528055
2205,20150319,4.470799537210351
2205,20150320,11.176998843122934
2205,20150321,8.941599074498683
2205,20150322,7.82389919018636
2205,20150323,8.941599074498697
2205,20150324,8.941599074498697
2205,20150325,7.82389919018636
2205,20150326,8.941599074498697
2205,20150327,6.706199305874023
2205,20150328,3.3530996529370114
2205,20150329,6.706199305874023
2205,20150330,6.706199305874023
2206,20150308,3.2148817560786513
2206,20150309,4.338608977967854
2206,20150310,3.3232653135117047
2206,20150311,5.586165234091232
2206,20150312,6.698228239581908
2206,20150313,4.470788060329951
2206,20150314,5.588405367832011
2206,20150315,12.294685280842847
2206,20150316,4.470799528959427
2206,20150317,2.235399760938245
2206,20150318,19.00089802951073
2206,20150319,3.353099652936657
2206,20150320,4.470799537250709
2206,20150321,11.176998843123354
2206,20150322,12.294698727435708
2206,20150323,3.3530996529370114
2206,20150324,4.4707995372493485
2206,20150325,2.2353997686246743
2206,20150326,5.588499421561686
2206,20150327,13.412398611748046
2206,20150328,2.2353997686246743
2206,20150329,7.82389919018636
2206,20150330,4.4707995372493485
2207,20150307,4.401370591181052
2207,20150309,2.1808898591415926
2207,20150310,1.1166950194639107
2207,20150311,6.651023581002416
2207,20150312,10.058865344102896
2207,20150313,12.292695357270595
2207,20150314,4.470797863945979
2207,20150315,1.1176998861375802
2207,20150316,2.235399362790175
2207,20150317,2.2353997264532923
2207,20150318,4.47079953660957
2207,20150319,6.706199305868106
2207,20150320,2.2353997686246094
2207,20150321,7.82389919018635
2207,20150322,3.353099652937008
2207,20150323,3.3530996529370114
2207,20150324,2.2353997686246743
2207,20150325,1.1176998843123371
2207,20150326,6.706199305874023
2207,20150327,2.2353997686246743
2207,20150328,7.82389919018636
2207,20150329,3.3530996529370114
2207,20150330,13.412398611748046
2208,20150307,2.2231251152760994
2208,20150308,1.105928417540391
2208,20150309,2.235382161785437
2208,20150310,2.2070017580792656
2208,20150311,1.1173547567404198
2208,20150312,4.466323842670659
2208,20150313,2.2353798770311255
2208,20150314,2.23529642545797
2208,20150315,1.1176998843122372
2208,20150317,2.2353997684859372
2208,20150318,6.706199304664833
2208,20150319,2.235399768633264
2208,20150320,1.1176998843123365
2208,20150321,1.1176998843123371
2208,20150322,3.3530996529370114
2208,20150323,4.4707995372493485
2208,20150324,1.1176998843123371
2208,20150325,1.1176998843123371
2208,20150327,1.1176998843123371
2208,20150328,5.588499421561686
2208,20150329,1.1176998843123371
2208,20150330,1.1176998843123371
2209,20150307,1.1030448178650818
2209,20150308,1.0265535647052788
2209,20150309,1.1136047559242868
2209,20150311,1.1174303625141249
2209,20150315,1.1176955880173465
2209,20150316,1.1176998761716628
2209,20150318,3.353099652507918
2209,20150319,2.2353997686246707
2209,20150321,3.3530996529370167
2209,20150322,4.4707995372493485
2209,20150323,1.1176998843123371
2209,20150326,1.1176998843123371
2209,20150328,4.4707995372493485
2210,20150307,2.2066423015170282
2210,20150308,1.1176998843123258
2210,20150310,4.4684061345427475
2210,20150311,1.1175477199572852
2210,20150312,6.699103633460467
2210,20150313,1.1175159008861244
2210,20150314,4.470634433337116
2210,20150315,1.1176998764993749
2210,20150316,3.3530996449641135
2210,20150317,1.1176998558125066
2210,20150319,1.1176998843120949
2210,20150321,5.588499421561672
2210,20150322,7.82389919018636
2210,20150324,2.2353997686246743
2210,20150325,2.2353997686246743
2210,20150326,6.706199305874023
2210,20150327,2.2353997686246743
2210,20150328,5.588499421561686
2210,20150330,1.1176998843123371
2211,20150307,1.879456102987789
2211,20150308,0.6523177993688956
2211,20150310,1.1146008251148602
2211,20150311,1.1071298334031596
2211,20150314,2.235399371360895
2211,20150321,1.1176998843123371
2211,20150324,2.2353997686246743
2211,20150327,1.1176998843123371
2211,20150328,1.1176998843123371
2212,20150309,1.1161651929389114
2212,20150312,3.353028933834863
2212,20150313,7.822859529974556
2212,20150315,3.353099347068152
2212,20150317,1.1176998686387218
2212,20150318,2.2353997676401245
2212,20150319,1.11769988431197
2212,20150320,1.1176998843123371
2212,20150321,2.2353997686246676
2212,20150322,2.2353997686246743
2212,20150323,1.1176998843123371
2212,20150324,1.1176998843123371
2212,20150325,5.588499421561686
2212,20150326,1.1176998843123371
2212,20150327,1.1176998843123371
2212,20150328,2.2353997686246743
2212,20150329,1.1176998843123371
2212,20150330,1.1176998843123371
2301,20150307,4.397716971706223
2301,20150308,1.9887422199915123
2301,20150311,2.227180395702839
2301,20150312,2.2341871382454945
2301,20150314,2.2352455052518874
2301,20150315,2.235395352019147
2301,20150317,5.58849940339417
2301,20150318,2.2353997685960545
2301,20150319,4.4707995372291505
2301,20150320,2.23539976862467
2301,20150321,2.2353997686246596
2301,20150323,1.1176998843123371
2301,20150324,2.2353997686246743
2301,20150325,1.1176998843123371
2301,20150326,1.1176998843123371
2301,20150328,3.3530996529370114
2301,20150329,3.3530996529370114
2301,20150330,3.3530996529370114
2302,20150308,1.111990756562648
2302,20150312,2.2354018909228905
2302,20150313,1.116950985934198
2302,20150317,1.1176998839778274
2302,20150318,1.117699883984839
2302,20150320,1.1176998843123354
2302,20150323,1.1176998843123371
2302,20150324,1.1176998843123371
2302,20150327,1.1176998843123371
2302,20150329,2.2353997686246743
2302,20150330,2.2353997686246743
2303,20150306,1.2361844032073481
2303,20150307,4.225029175172386
2303,20150308,4.256727872466275
2303,20150309,1.266266916024477
2303,20150311,2.231203842061485
2303,20150312,1.1176953801865035
2303,20150313,1.1174665219250066
2303,20150314,2.235399657542658
2303,20150315,3.3531075867611797
2303,20150316,4.470798705016939
2303,20150318,2.2353997682805016
2303,20150319,2.2353997686180174
2303,20150320,2.2353997686241494
2303,20150321,5.588499421561682
2303,20150322,1.1176998843123371
2303,20150323,4.4707995372493485
2303,20150324,1.1176998843123371
2303,20150325,2.2353997686246743
2303,20150326,1.1176998843123371
2303,20150327,4.4707995372493485
2303,20150328,1.1176998843123371
2303,20150329,3.3530996529370114
2303,20150330,2.2353997686246743
2304,20150307,1.106794579638864
2304,20150311,1.1176216491186757
2304,20150319,1.1176998843119597
2304,20150323,1.1176998843123371
2304,20150327,1.1176998843123371
2304,20150329,1.1176998843123371
2305,20150306,0.3275573620602691
2305,20150307,1.1093621127196203
2305,20150313,1.11769949706883
2305,20150316,1.117699500492968
2305,20150317,1.1176998842825483
2305,20150321,8.94159907449869
2305,20150322,5.588499421561686
2305,20150324,4.4707995372493485
2305,20150325,4.4707995372493485
2305,20150326,1.1176998843123371
2305,20150327,1.1176998843123371
2305,20150328,5.588499421561686
2305,20150329,2.2353997686246743
2306,20150308,4.167714058553555
2306,20150309,1.1177617253101042
2306,20150310,1.0844353154983777
2306,20150311,2.2352298324574926
2306,20150313,2.2352562820039714
2306,20150314,4.470720897778154
2306,20150315,1.117699884312337
2306,20150316,2.235399762200279
2306,20150318,1.1176998843123194
2306,20150321,4.470799537249346
2306,20150323,1.1176998843123371
2306,20150328,3.3530996529370114
2306,20150329,2.2353997686246743
2307,20150306,1.116021249549788
2307,20150308,1.0601217862328811
2307,20150309,1.9903447219621757
2307,20150311,2.2210079830012526
2307,20150312,3.351612699436579
2307,20150313,3.3528869381540467
2307,20150314,2.2353057215787393
2307,20150315,2.235399521589491
2307,20150316,2.2353994866071876
2307,20150318,2.235399768869042
2307,20150319,4.470799537221177
2307,20150320,5.5884994215612736
2307,20150321,3.353099652937008
2307,20150322,2.2353997686246743
2307,20150323,2.2353997686246743
2307,20150324,1.1176998843123371
2307,20150325,3.3530996529370114
2307,20150326,2.2353997686246743
2307,20150328,4.4707995372493485
2307,20150329,1.1176998843123371
2307,20150330,6.706199305874023
2309,20150306,0.6025119438976453
2309,20150307,0.8574051940432388
2309,20150308,0.972473819605524
2309,20150314,6.705878102344807
2309,20150315,2.235399589011367
2309,20150316,1.1176994852734703
2309,20150320,1.117699884312518
2309,20150322,1.1176998843123371
2309,20150323,1.1176998843123371
2309,20150324,2.2353997686246743
2309,20150326,2.2353997686246743
2309,20150327,3.3530996529370114
2309,20150329,1.1176998843123371
2309,20150330,2.2353997686246743
2310,20150307,2.2147424600963936
2310,20150309,1.996987118636134
2310,20150312,1.1174233533909266
2310,20150317,1.1176998805474456
2310,20150321,2.2353997686246743
2310,20150323,2.2353997686246743
2310,20150324,1.1176998843123371
2310,20150326,2.2353997686246743
2310,20150328,2.2353997686246743
2310,20150330,2.2353997686246743
2311,20150307,3.4033029780784085
2311,20150309,0.941174517388598
2311,20150312,1.1176997707301402
2311,20150314,1.117681307177679
2311,20150315,1.1176955371601076
2311,20150316,2.2353995059519987
2311,20150323,2.2353997686246743
2311,20150324,2.2353997686246743
2311,20150325,1.1176998843123371
2311,20150326,2.2353997686246743
2311,20150327,1.1176998843123371
2312,20150308,1.092878322723426
2312,20150313,1.1176263256037255
2312,20150322,2.2353997686246743
2312,20150327,1.1176998843123371
2312,20150330,1.1176998843123371
2313,20150314,1.1176509726905397
2313,20150316,1.1176993986163908
2313,20150319,1.1176998843123371
2313,20150323,1.1176998843123371
2313,20150326,1.1176998843123371
2313,20150330,1.1176998843123371
2314,20150311,1.117620688300407
2314,20150315,1.1176924323057558
2314,20150321,1.1176998843123371
2314,20150322,3.3530996529370114
2314,20150325,1.1176998843123371
2314,20150327,1.1176998843123371
2314,20150328,3.3530996529370114
2316,20150306,1.0640316430168937
2316,20150307,0.9556392453782566
2316,20150308,1.1088855452185278
2316,20150311,1.1175981953128502
2316,20150313,3.353059303556909
2316,20150315,2.2353909091055044
2316,20150316,1.1176998822908408
2316,20150317,3.3530996426382647
2316,20150320,1.1176998843116674
2316,20150321,2.2353997686246725
2316,20150322,3.3530996529370114
2316,20150323,3.3530996529370114
2316,20150324,3.3530996529370114
2316,20150325,2.2353997686246743
2316,20150326,2.2353997686246743
2316,20150327,1.1176998843123371
2316,20150328,3.3530996529370114
2316,20150329,1.1176998843123371
2316,20150330,1.1176998843123371
2317,20150308,0.8225038293453717
2317,20150311,2.2319733194158236
2317,20150321,2.2353997686246743
2317,20150323,1.1176998843123371
2317,20150325,1.1176998843123371
2317,20150328,1.1176998843123371
3002,20150309,2.014545472473344
3002,20150310,1.1169792816426685
3002,20150312,2.233521593390817
3002,20150315,2.2353924166159445
3002,20150316,1.1176998561596612
3002,20150319,1.1176998842907504
3002,20150321,2.235399768624667
3002,20150322,1.117699884312337
3002,20150324,1.1176998843123371
3002,20150325,1.1176998843123371
3002,20150327,2.2353997686246743
3002,20150330,2.2353997686246743
3003,20150308,1.1114305552455674
3003,20150321,1.1176998843123371
3003,20150325,1.1176998843123371
3004,20150307,1.9466645619343674
3004,20150308,2.045128103728686
3004,20150313,1.1172059497108469
3004,20150321,4.4707995372493485
3004,20150329,1.1176998843123371
3006,20150306,1.1056976345980492
3006,20150307,7.777129449174755
3006,20150308,3.756424534560429
3006,20150309,2.234736978582309
3006,20150310,5.584887333105791
3006,20150311,11.148819914239095
3006,20150312,4.463690491220893
3006,20150313,1.1175732414405528
3006,20150314,5.588353114735003
3006,20150315,3.353099544963758
3006,20150316,5.5884994603321605
3006,20150317,1.117699860983192
3006,20150319,5.588499421506157
3006,20150320,1.117699884312337
3006,20150322,1.1176998843123371
3006,20150323,3.3530996529370114
3006,20150324,5.588499421561686
3006,20150325,1.1176998843123371
3006,20150326,1.1176998843123371
3006,20150328,1.1176998843123371
3006,20150329,3.3530996529370114
3006,20150330,5.588499421561686
3007,20150307,1.1555382585869314
3007,20150308,1.117251403115802
3007,20150309,1.1175814880563062
3007,20150313,1.1176998756299446
3007,20150314,1.1176998255299175
3007,20150316,3.35309964285449
3007,20150317,1.1176998715841129
3007,20150320,1.1176998843123058
3007,20150322,2.2353997686246743
3007,20150323,2.2353997686246743
3007,20150324,3.3530996529370114
3007,20150325,1.1176998843123371
3007,20150327,2.2353997686246743
3007,20150329,1.1176998843123371
3007,20150330,1.1176998843123371
3008,20150307,1.117694523234165
3008,20150308,1.6289719141401815
3008,20150310,2.1886610769447596
3008,20150311,1.094197929468134
3008,20150312,2.236169162823276
3008,20150313,1.1178421916947912
3008,20150315,1.1177014453528948
3008,20150317,1.1176998839554209
3008,20150318,1.1176998841472203
3008,20150324,1.1176998843123371
3008,20150325,1.1176998843123371
3008,20150326,2.2353997686246743
3008,20150327,2.2353997686246743
3008,20150329,1.1176998843123371
3010,20150307,0.6940842409069885
3010,20150308,2.226760905358269
3010,20150312,1.1176338966568862
3010,20150316,2.235399564308256
3010,20150318,1.1176998839039347
3010,20150319,1.1176998842994619
3010,20150321,1.1176998843123322
3010,20150322,1.1176998843123371
3010,20150323,1.1176998843123371
3010,20150327,1.1176998843123371
3010,20150328,1.1176998843123371
3011,20150308,1.0663375135428206
3011,20150309,1.0809054691384714
3011,20150313,2.2352853491706797
3011,20150315,1.1176953428110563
3011,20150318,1.1176998835785292
3011,20150321,1.1176998843123371
3011,20150327,3.3530996529370114
3011,20150330,1.1176998843123371
3012,20150320,1.1176998843123371
3012,20150321,1.1176998843123371
3013,20150307,1.1042541171392224
3013,20150309,4.337055279948768
3013,20150310,2.1377011480987163
3013,20150311,4.444079897271468
3013,20150312,2.235382010635734
3013,20150313,5.587364205967775
3013,20150314,3.352968833174898
3013,20150315,3.353101497937309
3013,20150316,4.4707994532465065
3013,20150317,3.353099674132783
3013,20150318,4.470799536655575
3013,20150319,10.05929895875117
3013,20150320,3.353099652936442
3013,20150321,6.706199305874021
3013,20150323,8.941599074498697
3013,20150324,6.706199305874023
3013,20150325,7.82389919018636
3013,20150326,2.2353997686246743
3013,20150327,4.4707995372493485
3013,20150328,3.3530996529370114
3013,20150329,7.82389919018636
3013,20150330,4.4707995372493485
3014,20150319,1.1176998843123371
3014,20150321,1.1176998843123338
3014,20150324,1.1176998843123371
3014,20150325,3.3530996529370114
3016,20150306,1.107547188865227
3016,20150307,8.880544298135936
3016,20150308,5.086676131052889
3016,20150309,12.043884532893989
3016,20150310,6.697757052898513
3016,20150311,23.38089071909691
3016,20150312,12.279016453821708
3016,20150313,8.938992429991305
3016,20150314,4.470719936982146
3016,20150315,11.176992899074527
3016,20150316,5.588498327001471
3016,20150317,3.3530996451435087
3016,20150318,14.530098494358219
3016,20150319,12.294698727333138
3016,20150320,5.588499421560701
3016,20150321,6.706199305874018
3016,20150322,4.4707995372493485
3016,20150323,11.176998843123371
3016,20150324,8.941599074498697
3016,20150325,8.941599074498697
3016,20150326,2.2353997686246743
3016,20150327,6.706199305874023
3016,20150328,8.941599074498697
3016,20150329,5.588499421561686
3016,20150330,7.82389919018636
3017,20150316,1.1176998826663174
3017,20150318,1.1176998842233832
3017,20150319,1.1176998842750745
3017,20150325,1.1176998843123371
3017,20150330,1.1176998843123371
3018,20150306,1.1176921121042045
3018,20150307,2.2721429557453723
3018,20150308,4.077467732733245
3018,20150309,2.0225147046364405
3018,20150310,5.442659614820665
3018,20150311,12.271982593163596
3018,20150312,3.3507744148701955
3018,20150313,3.3527991689110763
3018,20150314,1.1176025438722372
3018,20150315,5.588491916795405
3018,20150316,8.941598585528105
3018,20150317,3.3530996311559544
3018,20150318,11.176998840490127
3018,20150319,7.823899190176508
3018,20150320,4.470799537249183
3018,20150321,6.706199305874014
3018,20150322,5.588499421561686
3018,20150323,5.588499421561686
3018,20150324,5.588499421561686
3018,20150325,4.4707995372493485
3018,20150326,4.4707995372493485
3018,20150327,6.706199305874023
3018,20150328,7.82389919018636
3018,20150329,3.3530996529370114
3018,20150330,4.4707995372493485
3105,20150314,1.1177009708781598
3106,20150326,1.1176998843123371
3107,20150311,1.1011683928948877
3107,20150315,1.1176972859857208
3109,20150309,2.0036174904229984
3109,20150321,1.1176998843123307
3109,20150323,1.1176998843123371
3110,20150306,1.2140461105845215
3110,20150311,1.117699883499394
3110,20150320,1.1176998843123347
3110,20150321,1.117699884312337
3110,20150322,1.1176998843123371
3110,20150325,1.1176998843123371
3110,20150326,2.2353997686246743
3110,20150328,2.2353997686246743
3111,20150312,1.1137463433523802
3111,20150315,1.1176975166401872
3111,20150325,1.1176998843123371
3111,20150326,1.1176998843123371
3112,20150307,1.1163103636985057
3112,20150314,1.117699297963199
3112,20150325,1.1176998843123371
3112,20150329,1.1176998843123371
3113,20150324,1.1176998843123371
3114,20150308,3.134745933821419
3114,20150311,3.348163956303373
3114,20150321,4.4707995372493485
3114,20150323,3.3530996529370114
3114,20150325,6.706199305874023
3114,20150326,3.3530996529370114
3114,20150327,3.3530996529370114
3115,20150308,1.109524132893523
3115,20150313,1.1176998794993975
3115,20150330,1.1176998843123371
3116,20150309,4.945612479274737
3116,20150310,1.1170566930084451
3116,20150311,2.2268724310870676
3116,20150317,1.1176998549054102
3116,20150323,4.4707995372493485
3116,20150325,2.2353997686246743
3116,20150327,1.1176998843123371
3117,20150308,1.1172207815591482
3117,20150312,2.2309167406877686
3117,20150314,1.1176517621304174
3117,20150318,1.1176998843135988
3117,20150322,2.2353997686246743
3117,20150323,3.3530996529370114
3117,20150324,2.2353997686246743
3117,20150325,2.2353997686246743
3117,20150326,1.1176998843123371
3118,20150306,0.8404768554092443
3118,20150308,1.0612438884372803
3118,20150312,1.1176156094855203
3118,20150318,1.1176998831742175
3118,20150319,1.1176998843120274
3118,20150320,1.1176998843123342
3118,20150321,1.1176998843123371
3118,20150322,2.2353997686246743
3118,20150323,1.1176998843123371
3118,20150325,2.2353997686246743
3119,20150308,0.8216369693269376
3119,20150311,1.1176871089751792
3119,20150313,1.1176717356705992
3119,20150314,1.1176987700441323
3119,20150315,1.1176998785798284
3119,20150316,1.1176994542778331
3119,20150318,1.1176998843127441
3119,20150321,1.1176998843123371
3119,20150322,3.3530996529370114
3119,20150325,1.1176998843123371
3119,20150329,1.1176998843123371
3119,20150330,1.1176998843123371
3120,20150321,1.1176998843123245
3120,20150323,1.1176998843123371
3120,20150324,1.1176998843123371
3120,20150325,1.1176998843123371
3121,20150326,1.1176998843123371
3122,20150315,2.235399714993379
3122,20150323,1.1176998843123371
3125,20150313,1.1176997161126443
3126,20150313,3.3525705795736043
3126,20150314,1.1176998842989598
3126,20150320,1.11769988431199
3126,20150322,1.1176998843123371
3126,20150323,1.1176998843123371
3126,20150325,1.1176998843123371
3128,20150310,1.1170096460550083
3216,20150320,1.1176998843123371
3216,20150324,1.1176998843123371
3217,20150310,1.1176944815287262
3217,20150318,1.1176998843101469
3217,20150323,1.1176998843123371
3217,20150324,1.1176998843123371
3218,20150327,1.1176998843123371
3227,20150309,1.112252896840344
3227,20150311,2.226709023268419
3227,20150317,1.1176998843115349
3227,20150324,1.1176998843123371
3227,20150330,1.1176998843123371
3301,20150321,1.1176998843123371
3315,20150328,1.1176998843123371
3316,20150328,1.1176998843123371
3319,20150308,3.288578346715359
3319,20150313,2.2345689394115285
3319,20150314,2.2354016062491766
3319,20150315,4.470799054884499
3319,20150316,1.1176998843136274
3319,20150318,1.1176998843127937
3319,20150319,2.2353997685757965
3319,20150324,1.1176998843123371
3319,20150325,3.3530996529370114
3319,20150327,2.2353997686246743
3319,20150328,2.2353997686246743
3319,20150330,2.2353997686246743
3320,20150308,2.5033184561157973
3320,20150312,1.1176752546566249
3321,20150307,1.1176977902344134
3321,20150315,1.1176953815496138
3321,20150316,2.235399545173217
3321,20150325,1.1176998843123371
3321,20150328,1.1176998843123371
3322,20150325,1.1176998843123371
3322,20150330,1.1176998843123371
3323,20150319,2.235399768624303
3323,20150320,1.1176998843120585
3323,20150326,1.1176998843123371
3323,20150329,1.1176998843123371
3325,20150315,1.1176998500541644
3328,20150308,1.1134016291959847
3402,20150307,1.1164787128537643
3402,20150314,1.1176372615436174
3402,20150317,1.117699875624802
3402,20150320,1.1176998843123371
3402,20150326,1.1176998843123371
3403,20150306,1.1176998843123371
3403,20150318,1.1176998843758663
3403,20150320,1.1176998843123338
3407,20150311,1.117699859980873
3407,20150312,1.1177951966298716
3407,20150313,3.353269436946167
3407,20150314,1.1176233830862734
3407,20150316,1.11769959035731
3407,20150323,1.1176998843123371
3407,20150324,1.1176998843123371
3407,20150326,1.1176998843123371
3407,20150330,1.1176998843123371
3408,20150320,2.2353997686244442
3408,20150322,1.1176998843123371
3408,20150326,1.1176998843123371
3410,20150326,1.1176998843123371
3415,20150311,1.1176998843123371
3415,20150313,1.117698579905884
3415,20150314,2.235299645076293
3415,20150319,1.1176998842896508
3415,20150321,4.4707995372493485
3415,20150324,1.1176998843123371
3415,20150329,1.1176998843123371
3416,20150307,1.104025265651395
3417,20150309,1.1149409996072197
3417,20150313,1.1176908832316783
3423,20150307,2.281856270266154
3426,20150317,1.1176998709036952
3426,20150330,2.2353997686246743
3427,20150317,1.1176998795347641
3428,20150318,1.1176998843047938
3428,20150325,1.1176998843123371
3429,20150318,1.1176998843035535
3429,20150325,1.1176998843123371
3431,20150324,1.1176998843123371
3431,20150330,4.4707995372493485
